// Blue Candy Box

//--------------------------------------//
// Map Drop                             //
//--------------------------------------//
0
//    Map ID   Drop   Minimal DropRate
	0	0	0	1000	// Lorencia
	1	0	0	1000	// Dungeon
	2	0	0	1000	// Devias
	3	0	0	1000	// Noria
	4	0	0	1000	// Lost Tower
	5	0	0	1000	// Exile
	6	0	0	1000	// Arena
	7	0	0	1000	// Atlans
	8	0	0	1000	// Tarkan
	9	0	0	1000	// Devil Square
	10	0	0	1000	// Icarus
end

//--------------------------------------//
// Drop Options                         //
//--------------------------------------//
1
//        Name         ZenAmount    ItemType  Index   ItemLvl DropRate NormDrop ExcDrop
     "BlueCandyBox"	 90000		0	0	 0	 0	 100	  1
end

//--------------------------------------//
// Item Drops                           //
//--------------------------------------//
2
//  ItemType  Index  MinLvl MaxLvl    Skill    Luck   Option  Excellent

	0	31	6	8	1	1	1	0	//데스브로드
	2	11	6	8	1	1	1	0	//로드셉터
	5	9	6	8	1	1	1	0	//드래곤소울지팡이
	4	17	6	8	1	1	1	0	//홀리사이트보우
	4	22	6	8	1	1	1	0	//알바트로스보우
	0	20	5	7	1	1	1	0	//나이트블레이드
	0	25	6	8	1	1	1	0	//소드댄서
	5	13	6	8	1	1	1	0	//플라티나윙스태프
	2	15	6	8	1	1	1	0	//샤이닝셉터
	7	17	6	8	0	1	1	0	//다크피닉스투구
	8	17	6	8	0	1	1	0	//다크피닉스갑옷
	9	17	6	8	0	1	1	0	//다크피닉스바지
	10	17	6	8	0	1	1	0	//다크피닉스장갑
	11	17	6	8	0	1	1	0	//다크피닉스부츠
	7	24	6	8	0	1	1	0	//레드스피릿헬멧
	8	24	6	8	0	1	1	0	//레드스피릿갑옷
	9	24	6	8	0	1	1	0	//레드스피릿바지
	10	24	6	8	0	1	1	0	//레드스피릿장갑
	11	24	6	8	0	1	1	0	//레드스피릿부츠
	8	37	6	8	0	1	1	0	//발리언트갑옷
	9	37	6	8	0	1	1	0	//발리언트바지
	10	37	6	8	0	1	1	0	//발리언트장갑
	11	37	6	8	0	1	1	0	//발리언트부츠
	7	38	6	8	0	1	1	0	//글로리어스마스크
	8	38	6	8	0	1	1	0	//글로리어스갑옷
	9	38	6	8	0	1	1	0	//글로리어스바지
	10	38	6	8	0	1	1	0	//글로리어스장갑
	11	38	6	8	0	1	1	0	//글로리어스부츠
	10	21	5	6	0	1	1	0	//그레이트드라곤장갑
	11	21	5	6	0	1	1	0	//그레이트드라곤부츠
	10	22	5	6	0	1	1	0	//블랙소울장갑
	11	22	5	6	0	1	1	0	//블랙소울부츠
	0	16	0	0	1	1	1	1	//파괴의검
	2	5	0	0	1	1	1	1	//크리스탈검
	0	31	0	0	1	1	1	1	//데스브로드
	4	14	0	0	1	1	1	1	//아쿠아골드석궁
	4	16	0	0	1	1	1	1	//세인트크로스석궁
	5	8	0	0	1	1	1	1	//파멸의지팡이
	2	10	0	0	1	1	1	1	//그레이트셉터
	7	16	0	0	0	1	1	1	//블랙드라곤투구
	8	16	0	0	0	1	1	1	//블랙드라곤갑옷
	9	16	0	0	0	1	1	1	//블랙드라곤바지
	10	16	0	0	0	1	1	1	//블랙드라곤장갑
	11	16	0	0	0	1	1	1	//블랙드라곤부츠
	7	18	0	0	0	1	1	1	//그랜드소울헬멧
	8	18	0	0	0	1	1	1	//그랜드소울갑옷
	9	18	0	0	0	1	1	1	//그랜드소울바지
	10	18	0	0	0	1	1	1	//그랜드소울장갑
	11	18	0	0	0	1	1	1	//그랜드소울부츠
	7	19	0	0	0	1	1	1	//홀리스프릿헬멧
	8	19	0	0	0	1	1	1	//홀리스프릿갑옷
	9	19	0	0	0	1	1	1	//홀리스프릿바지
	10	19	0	0	0	1	1	1	//홀리스프릿장갑
	11	19	0	0	0	1	1	1	//홀리스프릿부츠
	7	27	0	0	0	1	1	1	//다크브리즌마스크
	8	27	0	0	0	1	1	1	//다크브리즌갑옷
	9	27	0	0	0	1	1	1	//다크브리즌바지
	10	27	0	0	0	1	1	1	//다크브리즌장갑
	11	27	0	0	0	1	1	1	//다크브리즌부츠
	6	13	0	0	1	0	0	1	//드라곤방패
	6	14	0	0	1	0	0	1	//전설의방패
	6	16	0	0	1	0	0	1	//엘리멘탈방패
	6	15	0	0	1	0	0	1	//그랜드소울방패
	13	8	0	0	0	0	0	1	//얼음의반지
	13	9	0	0	0	0	0	1	//독의반지
	13	21	0	0	0	0	0	1	//불의반지
	13	12	0	0	0	0	0	1	//번개의목걸이
	13	13	0	0	0	0	0	1	//불의목걸이
	13	25	0	0	0	0	0	1	//얼음의목걸이
	14	13	0	0	0	0	0	0	//축복의보석
	14	14	0	0	0	0	0	0	//영혼의보석
	14	16	0	0	0	0	0	0	//생명의보석
	14	22	0	0	0	0	0	0	//창조의보석
	12	15	0	0	0	0	0	0	//혼돈의보석
	14	42	0	0	0	0	0	0	//조화의보석
	14	19	5	6	0	0	0	0	//데빌스퀘어초대권
	13	18	6	7	0	0	0	0	//투명망토
	14	28	7	7	0	0	0	0	//잃어버린지도
	13	51	4	5	0	0	0	0	//피의두루마리
end