// Green Ribbon Box

//--------------------------------------//
// Map Drop                             //
//--------------------------------------//
0
//    Map ID   Drop   Minimal DropRate
	0	0	0	1000	// Lorencia
	1	0	0	1000	// Dungeon
	2	0	0	1000	// Devias
	3	0	0	1000	// Noria
	4	0	0	1000	// Lost Tower
	5	0	0	1000	// Exile
	6	0	0	1000	// Arena
	7	0	0	1000	// Atlans
	8	0	0	1000	// Tarkan
	9	0	0	1000	// Devil Square
	10	0	0	1000	// Icarus
end

//--------------------------------------//
// Drop Options                         //
//--------------------------------------//
1
//        Name         ZenAmount    ItemType  Index   ItemLvl DropRate NormDrop ExcDrop
     "GreenRibbonBox"	 60000		0	0	 0	 0	 100	  1
end

//--------------------------------------//
// Item Drops                           //
//--------------------------------------//
2
//  ItemType  Index  MinLvl MaxLvl    Skill    Luck   Option  Excellent

	0	14	4	6	1	1	1	0	//번개검
	4	13	4	6	1	1	1	0	//블루윙석궁
	5	5	4	6	1	1	1	0	//전설의지팡이
	7	1	4	6	0	1	1	0	//드라곤투구
	8	1	4	6	0	1	1	0	//드라곤갑옷
	9	1	4	6	0	1	1	0	//드라곤바지
	10	1	4	6	0	1	1	0	//드라곤장갑
	11	1	4	6	0	1	1	0	//드라곤부츠
	7	14	4	6	0	1	1	0	//수호헬멧
	8	14	4	6	0	1	1	0	//수호갑옷
	9	14	4	6	0	1	1	0	//수호바지
	10	14	4	6	0	1	1	0	//수호장갑
	11	14	4	6	0	1	1	0	//수호부츠
	7	3	4	6	0	1	1	0	//전설의헬멧
	8	3	4	6	0	1	1	0	//전설의갑옷
	9	3	4	6	0	1	1	0	//전설의바지
	10	3	4	6	0	1	1	0	//전설의장갑
	11	3	4	6	0	1	1	0	//전설의부츠
	7	34	3	5	0	1	1	0	//애쉬크로우헬멧
	8	34	3	5	0	1	1	0	//애쉬크로우갑옷
	9	34	3	5	0	1	1	0	//애쉬크로우바지
	10	34	3	5	0	1	1	0	//애쉬크로우장갑
	11	34	3	5	0	1	1	0	//애쉬크로우부츠
	7	35	3	5	0	1	1	0	//이클립스헬멧
	8	35	3	5	0	1	1	0	//이클립스갑옷
	9	35	3	5	0	1	1	0	//이클립스바지
	10	35	3	5	0	1	1	0	//이클립스장갑
	11	35	3	5	0	1	1	0	//이클립스부츠
	7	36	3	5	0	1	1	0	//아이리스헬멧
	8	36	3	5	0	1	1	0	//아이리스갑옷
	9	36	3	5	0	1	1	0	//아이리스바지
	10	36	3	5	0	1	1	0	//아이리스장갑
	11	36	3	5	0	1	1	0	//아이리스부츠
	8	15	3	5	0	1	1	0	//아틀란스갑옷
	9	15	3	5	0	1	1	0	//아틀란스바지
	10	15	3	5	0	1	1	0	//아틀란스장갑
	11	15	3	5	0	1	1	0	//아틀란스부츠
	7	26	3	5	0	1	1	0	//다크소울마스크
	8	26	3	5	0	1	1	0	//다크소울갑옷
	9	26	3	5	0	1	1	0	//다크소울바지
	10	26	3	5	0	1	1	0	//다크소울장갑
	11	26	3	5	0	1	1	0	//다크소울부츠
	6	13	4	6	1	1	1	0	//드라곤방패
	6	14	4	6	1	1	1	0	//전설의방패
	0	5	0	0	1	1	1	1	//블레이드
	2	3	0	0	1	1	1	1	//그레이트해머
	2	8	0	0	1	1	1	1	//베틀셉터
	4	4	0	0	1	1	1	1	//타이거보우
	4	12	0	0	1	1	1	1	//서팬트석궁
	5	2	0	0	1	1	1	1	//독사지팡이
	7	5	0	0	0	1	1	1	//가죽헬멧
	8	5	0	0	0	1	1	1	//가죽갑옷
	9	5	0	0	0	1	1	1	//가죽바지
	10	5	0	0	0	1	1	1	//가죽장갑
	11	5	0	0	0	1	1	1	//가죽부츠
	7	7	0	0	0	1	1	1	//스핑크스마스크
	8	7	0	0	0	1	1	1	//스핑크스갑옷
	9	7	0	0	0	1	1	1	//스핑크스바지
	10	7	0	0	0	1	1	1	//스핑크스장갑
	11	7	0	0	0	1	1	1	//스핑크스부츠
	7	12	0	0	0	1	1	1	//바람의헬멧
	8	12	0	0	0	1	1	1	//바람의갑옷
	9	12	0	0	0	1	1	1	//바람의바지
	10	12	0	0	0	1	1	1	//바람의장갑
	11	12	0	0	0	1	1	1	//바람의부츠
	6	11	0	0	1	1	1	1	//서펜트방패
	14	13	0	0	0	0	0	0	//축복의보석
	14	14	0	0	0	0	0	0	//영혼의보석
	12	15	0	0	0	0	0	0	//혼돈의보석
	14	16	0	0	0	0	0	0	//생명의보석
	14	19	3	4	0	0	0	0	//데빌스퀘어초대권
	13	18	4	5	0	0	0	0	//투명망토
	13	51	2	3	0	0	0	0	//피의두루마리
end