// Lilac Candy Box

//--------------------------------------//
// Map Drop                             //
//--------------------------------------//
0
//    Map ID   Drop   Minimal DropRate
	0	0	0	1000	// Lorencia
	1	0	0	1000	// Dungeon
	2	0	0	1000	// Devias
	3	0	0	1000	// Noria
	4	0	0	1000	// Lost Tower
	5	0	0	1000	// Exile
	6	0	0	1000	// Arena
	7	0	0	1000	// Atlans
	8	0	0	1000	// Tarkan
	9	0	0	1000	// Devil Square
	10	0	0	1000	// Icarus
end

//--------------------------------------//
// Drop Options                         //
//--------------------------------------//
1
//        Name         ZenAmount    ItemType  Index   ItemLvl DropRate NormDrop ExcDrop
     "LilacCandyBox"	 30000		0	0	 0	 0	 100	  1
end

//--------------------------------------//
// Item Drops                           //
//--------------------------------------//
2
//  ItemType  Index  MinLvl MaxLvl    Skill    Luck   Option  Excellent

	0	3	6	9	1	1	1	0	//카타치
	0	7	6	9	1	1	1	0	//펄션
	0	8	6	9	1	1	1	0	//서펜트볼그
	0	5	6	9	1	1	1	0	//블레이드
	0	10	6	9	1	1	1	0	//빛의검
	0	11	6	9	1	1	1	0	//전설의검
	1	3	6	9	1	1	1	0	//토마호크
	1	5	6	9	1	1	1	0	//전투도끼
	1	6	6	9	1	1	1	0	//니케아도끼
	2	1	6	9	1	1	1	0	//모닝스타
	2	3	6	9	1	1	1	0	//그레이트해머
	3	2	6	9	1	1	1	0	//드래건랜스
	3	0	6	9	1	1	1	0	//광선봉
	4	2	6	9	1	1	1	0	//요정활
	4	4	6	9	1	1	1	0	//타이거보우
	4	9	6	9	1	1	1	0	//황금석궁
	4	10	6	9	1	1	1	0	//아큐버스
	4	12	6	9	1	1	1	0	//서팬트석궁
	5	0	6	9	1	1	1	0	//해골지팡이
	5	2	6	9	1	1	1	0	//독사지팡이
	5	3	6	9	1	1	1	0	//번개지팡이
	2	8	6	9	1	1	1	0	//배틀셉터
	7	5	6	9	0	1	1	0	//가죽헬멧
	8	5	6	9	0	1	1	0	//가죽갑옷
	9	5	6	9	0	1	1	0	//가죽바지
	10	5	6	9	0	1	1	0	//가죽장갑
	11	5	6	9	0	1	1	0	//가죽부츠
	7	2	6	9	0	1	1	0	//패드투구
	8	2	6	9	0	1	1	0	//패드갑옷
	9	2	6	9	0	1	1	0	//패드바지
	10	2	6	9	0	1	1	0	//패드장갑
	11	2	6	9	0	1	1	0	//패드부츠
	7	10	6	9	0	1	1	0	//넝쿨헬멧
	8	10	6	9	0	1	1	0	//넝쿨갑옷
	9	10	6	9	0	1	1	0	//넝쿨바지
	10	10	6	9	0	1	1	0	//넝쿨장갑
	11	10	6	9	0	1	1	0	//넝쿨부츠
	7	6	6	9	0	1	1	0	//비늘헬멧
	8	6	6	9	0	1	1	0	//비늘갑옷
	9	6	6	9	0	1	1	0	//비늘바지
	10	6	6	9	0	1	1	0	//비늘장갑
	11	6	6	9	0	1	1	0	//비늘부츠
	7	8	6	9	0	1	1	0	//황동헬멧
	8	8	6	9	0	1	1	0	//황동갑옷
	9	8	6	9	0	1	1	0	//황동바지
	10	8	6	9	0	1	1	0	//황동장갑
	11	8	6	9	0	1	1	0	//황동부츠
	7	4	6	9	0	1	1	0	//뼈헬멧
	8	4	6	9	0	1	1	0	//뼈갑옷
	9	4	6	9	0	1	1	0	//뼈바지
	10	4	6	9	0	1	1	0	//뼈장갑
	11	4	6	9	0	1	1	0	//뼈부츠
	7	7	6	9	0	1	1	0	//스핑크스마스크
	8	7	6	9	0	1	1	0	//스핑크스갑옷
	9	7	6	9	0	1	1	0	//스핑크스바지
	10	7	6	9	0	1	1	0	//스핑크스장갑
	11	7	6	9	0	1	1	0	//스핑크스부츠
	7	11	6	9	0	1	1	0	//실크헬멧
	8	11	6	9	0	1	1	0	//실크갑옷
	9	11	6	9	0	1	1	0	//실크바지
	10	11	6	9	0	1	1	0	//실크장갑
	11	11	6	9	0	1	1	0	//실크부츠
	7	13	6	9	0	1	1	0	//정령헬멧
	8	13	6	9	0	1	1	0	//정령갑옷
	9	13	6	9	0	1	1	0	//정령바지
	10	13	6	9	0	1	1	0	//정령장갑
	11	13	6	9	0	1	1	0	//정령부츠
	7	9	6	9	0	1	1	0	//철판헬멧
	8	9	6	9	0	1	1	0	//철판갑옷
	9	9	6	9	0	1	1	0	//철판바지
	10	9	6	9	0	1	1	0	//철판장갑
	11	9	6	9	0	1	1	0	//철판부츠
	6	9	6	9	1	1	1	0	//철판방패
	6	3	6	9	1	1	1	0	//요정방패
	6	6	6	9	1	1	1	0	//해골방패
	6	5	6	9	1	1	1	0	//드래곤슬레이어방패
	6	8	6	9	1	1	1	0	//타워방패
	0	5	0	0	1	1	1	1	//블레이드
	0	10	0	0	1	1	1	1	//빛의검
	1	6	0	0	1	1	1	1	//니케아도끼
	3	0	0	0	1	1	1	1	//광선봉
	4	3	0	0	1	1	1	1	//전투활
	4	11	0	0	1	1	1	1	//빛의석궁
	5	2	0	0	1	1	1	1	//독사지팡이
	7	0	0	0	0	1	1	1	//청동헬멧
	8	0	0	0	0	1	1	1	//청동갑옷
	9	0	0	0	0	1	1	1	//청동바지
	10	0	0	0	0	1	1	1	//청동장갑
	11	0	0	0	0	1	1	1	//청동부츠
	7	11	0	0	0	1	1	1	//실크헬멧
	8	11	0	0	0	1	1	1	//실크갑옷
	9	11	0	0	0	1	1	1	//실크바지
	10	11	0	0	0	1	1	1	//실크장갑
	11	11	0	0	0	1	1	1	//실크부츠
	7	4	0	0	0	1	1	1	//뼈헬멧
	8	4	0	0	0	1	1	1	//뼈갑옷
	9	4	0	0	0	1	1	1	//뼈바지
	10	4	0	0	0	1	1	1	//뼈장갑
	11	4	0	0	0	1	1	1	//뼈부츠
	6	9	0	0	1	0	0	1	//철판방패
	6	8	0	0	1	0	0	1	//타워방패
	12	15	0	0	0	0	0	0	//혼돈의보석
	14	13	0	0	0	0	0	0	//축복의보석
	14	14	0	0	0	0	0	0	//영혼의보석
	14	19	3	4	0	0	0	0	//데빌스퀘어초대권
	13	18	4	5	0	0	0	0	//투명망토
	14	28	3	5	0	0	0	0	//잃어버린지도
end