//---------------------------------------------------------------//
//     Type    Index   Opt1    Value1  Opt2    Value2   Time     //
//---------------------------------------------------------------//
0
	0	22	2	200	1	10	0
	0	23	2	200	1	10	0
	4	21	2	200	1	10	0
	5	12	2	200	1	10	0
	2	14	2	200	1	10	0
	7	29	8	20	3	10	0
	7	30	8	20	3	10	0
	7	31	8	20	3	10	0
	7	33	8	20	3	10	0
	8	29	7	0	3	10	0
	8	30	7	0	3	10	0
	8	31	7	0	3	10	0
	8	32	7	0	3	10	0
	8	33	7	0	3	10	0
	9	29	4	200	3	10	0
	9	30	4	200	3	10	0
	9	31	4	200	3	10	0
	9	32	4	200	3	10	0
	9	33	4	200	3	10	0
	10	29	5	200	3	10	0
	10	30	5	200	3	10	0
	10	31	5	200	3	10	0
	10	32	5	200	3	10	0
	10	33	5	200	3	10	0
	11	29	6	700	3	10	0
	11	30	6	700	3	10	0
	11	31	6	700	3	10	0
	11	32	6	700	3	10	0
	11	33	6	700	3	10	0
	5	19	2	200	1	10	0
	7	43	8	20	3	10	0
	8	43	7	0	3	10	0
	9	43	4	200	3	10	0
	10	43	5	200	3	10	0
	11	43	6	700	3	10	0
end

//---------------------------------------------------------------//
//     Type    Index   Opt1    Value1  Opt2    Value2   Time     //
//---------------------------------------------------------------//
1
	14	46	1	10	0	10	1800
	14	47	2	25	0	10	1800
	14	48	3	100	0	10	1800
	14	49	4	500	0	10	1800
	14	50	5	500	0	10	1800
end

//---------------------------------------------------------------//
//     Type    Index   Opt1    Value1  Opt2    Value2   Time     //
//---------------------------------------------------------------//
2
	13	43	6	150	0	0	0
	13	44	6	200	7	150	0
	13	45	8	0	0	0	0
	13	59	16	0	0	0	0
end

//---------------------------------------------------------------//
//     Type    Index   Opt1    Value1  Opt2    Value2   Time     //
//---------------------------------------------------------------//
3
end

//---------------------------------------------------------------//
//     Type    Index   Opt1    Value1  Opt2    Value2   Time     //
//---------------------------------------------------------------//
4
	14	72	1	100	0	0	0
	14	73	3	100	0	0	0
	14	74	14	100	0	0	0
	14	75	15	100	0	0	0
	14	76	4	1000	0	0	0
	14	77	5	1000	0	0	0
end

//---------------------------------------------------------------//
//     Type    Index   Opt1    Value1  Opt2    Value2   Time     //
//---------------------------------------------------------------//
5
	14	78	9	1000	0	0	864000
	14	79	10	1000	0	0	864000
	14	80	11	1000	0	0	864000
	14	81	12	1000	0	0	864000
	14	82	13	1000	0	0	864000
end

//---------------------------------------------------------------//
//     Type    Index   Opt1    Value1  Opt2    Value2   Time     //
//---------------------------------------------------------------//
6
	14	85	5	700	0	10	1800
	14	86	4	700	0	10	1800
	14	87	2	40	0	10	1800
end

//---------------------------------------------------------------//
//     Type    Index   Opt1    Value1  Opt2    Value2   Time     //
//---------------------------------------------------------------//
7
	13	62	6	150	53	5	1800
	13	63	7	150	54	5	1800
end

//---------------------------------------------------------------//
//     Type    Index   Opt1    Value1  Opt2    Value2   Time     //
//---------------------------------------------------------------//
8
	13	64	51	40	1	10	0
	13	65	52	30	4	50	0
end

//---------------------------------------------------------------//
//     Type    Index   Opt1    Value1  Opt2    Value2   Time     //
//---------------------------------------------------------------//
9
	14	97	55	20	0	0	1800
	14	98	56	20	0	0	1800
end

//---------------------------------------------------------------//
//     Type    Index   Opt1    Value1  Opt2    Value2   Time     //
//---------------------------------------------------------------//
10
	13	93	6	150	0	0	1800
	13	94	6	200	7	150	1800
end

//---------------------------------------------------------------//
//     Type    Index   Opt1    Value1  Opt2    Value2   Time     //
//---------------------------------------------------------------//
11
	13	81	8	0	62	0	1800
end

//---------------------------------------------------------------//
//     Type    Index   Opt1    Value1  Opt2    Value2   Time     //
//---------------------------------------------------------------//
12
	13	82	63	0	0	0	1800
end

//---------------------------------------------------------------//
//     Type    Index   Opt1    Value1  Opt2    Value2   Time     //
//---------------------------------------------------------------//
13
	13	96	2	50	3	60	1800
end