//-------------------------------------------------//
//    Rank 1  Rank 2  Rank 3  Rank 4  Rank 5	   //
//-------------------------------------------------//
0
	1	1	1	1	1
	1	1	1	1	2
	1	1	1	2	2
	1	1	2	2	2
	1	2	2	2	2
	1	2	2	2	3
	1	2	2	3	3
	1	2	3	3	3
	1	3	3	3	3
end

//-----------------------------------------//
//     Rank 1  Rank 2  Rank 3  Rank 4	   //
//-----------------------------------------//
1
4
	-1	-1	-1	310
	-1	335	40330	40325
	-1	-1	-1	350
	-1	-1	390	40385
	-1	-1	-1	0
	0	0	0	0
	-1	0	0	0
	-1	-1	-1	0
end

//-----------------------------------------//
//     Rank 1  Rank 2  Rank 3  Rank 4	   //
//-----------------------------------------//
2
2
	300	-1	-1	-1
	440	-1	-1	-1
	20355	360	-1	-1
	445	450	-1	-1
	0	0	-1	-1
	0	0	-1	-1
	0	-1	-1	-1
	0	-1	-1	-1
end

//-----------------------------------------//
//     Rank 1  Rank 2  Rank 3  Rank 4	   //
//-----------------------------------------//
3
2
	305	-1	-1	-1
	435	370	-1	-1
	20365	375	-1	-1
	20410	415	-1	-1
	0	-1	-1	-1
	0	0	-1	-1
	0	0	-1	-1
	0	-1	-1	-1
end

//-----------------------------------------//
//     Rank 1  Rank 2  Rank 3  Rank 4	   //
//-----------------------------------------//
4
3
	20315	320	-1	-1
	340	345	-1	-1
	380	-1	-1	-1
	405	-1	-1	-1
	0	0	-1	-1
	0	0	-1	-1
	0	0	-1	-1
	0	0	-1	-1
end

//-----------------------------------------//
//     Rank 1  Rank 2  Rank 3  Rank 4	   //
//-----------------------------------------//
5
4
	-1	-1	-1	310
	-1	335	40330	40325
	-1	-1	-1	350
	-1	-1	390	40385
	-1	-1	-1	0
	0	0	0	0
	-1	0	0	0
	-1	-1	-1	0
end

//-----------------------------------------//
//     Rank 1  Rank 2  Rank 3  Rank 4	   //
//-----------------------------------------//
6
2
	300	-1	-1	-1
	455	-1	-1	-1
	20355	360	-1	-1
	20460	465	-1	-1
	0	0	-1	-1
	0	0	-1	-1
	0	-1	-1	-1
	0	-1	-1	-1
end

//-----------------------------------------//
//     Rank 1  Rank 2  Rank 3  Rank 4	   //
//-----------------------------------------//
7
2
	305	-1	-1	-1
	470	370	-1	-1
	365	375	-1	-1
	20395	400	-1	-1
	0	-1	-1	-1
	0	0	-1	-1
	0	0	-1	-1
	0	-1	-1	-1
end

//-----------------------------------------//
//     Rank 1  Rank 2  Rank 3  Rank 4	   //
//-----------------------------------------//
8
3
	20315	320	-1	-1
	340	345	-1	-1
	380	-1	-1	-1
	405	-1	-1	-1
	0	0	-1	-1
	0	0	-1	-1
	0	0	-1	-1
	0	0	-1	-1
end

//-----------------------------------------//
//     Rank 1  Rank 2  Rank 3  Rank 4	   //
//-----------------------------------------//
9
4
	-1	-1	-1	310
	-1	335	40330	40325
	-1	-1	-1	350
	-1	-1	390	40385
	-1	-1	-1	0
	0	0	0	0
	-1	0	0	0
	-1	-1	-1	0
end

//-----------------------------------------//
//     Rank 1  Rank 2  Rank 3  Rank 4	   //
//-----------------------------------------//
10
2
	300	-1	-1	-1
	475	-1	-1	-1
	20355	360	-1	-1
	20480	485	-1	-1
	0	0	-1	-1
	0	0	-1	-1
	0	-1	-1	-1
	0	-1	-1	-1
end

//-----------------------------------------//
//     Rank 1  Rank 2  Rank 3  Rank 4	   //
//-----------------------------------------//
11
2
	305	-1	-1	-1
	490	370	-1	-1
	365	375	-1	-1
	20395	400	-1	-1
	0	-1	-1	-1
	0	0	-1	-1
	0	0	-1	-1
	0	-1	-1	-1
end

//-----------------------------------------//
//     Rank 1  Rank 2  Rank 3  Rank 4	   //
//-----------------------------------------//
12
3
	20315	320	-1	-1
	340	345	-1	-1
	380	-1	-1	-1
	405	-1	-1	-1
	0	0	-1	-1
	0	0	-1	-1
	0	0	-1	-1
	0	0	-1	-1
end

//-----------------------------------------//
//     Rank 1  Rank 2  Rank 3  Rank 4	   //
//-----------------------------------------//
13
4
	-1	-1	-1	310
	-1	335	40330	40325
	-1	-1	-1	350
	-1	-1	390	40385
	-1	-1	-1	0
	0	0	0	0
	-1	0	0	0
	-1	-1	-1	0
end

//-----------------------------------------//
//     Rank 1  Rank 2  Rank 3  Rank 4	   //
//-----------------------------------------//
14
2
	300	-1	-1	-1
	495	-1	-1	-1
	20355	360	-1	-1
	20500	505	-1	-1
	0	0	-1	-1
	0	0	-1	-1
	0	-1	-1	-1
	0	-1	-1	-1
end

//-----------------------------------------//
//     Rank 1  Rank 2  Rank 3  Rank 4	   //
//-----------------------------------------//
15
2
	305	-1	-1	-1
	510	370	-1	-1
	365	375	-1	-1
	20425	530	-1	-1
	0	-1	-1	-1
	0	0	-1	-1
	0	0	-1	-1
	0	-1	-1	-1
end

//-----------------------------------------//
//     Rank 1  Rank 2  Rank 3  Rank 4	   //
//-----------------------------------------//
16
3
	20315	320	-1	-1
	340	345	-1	-1
	380	-1	-1	-1
	405	-1	-1	-1
	0	0	-1	-1
	0	0	-1	-1
	0	0	-1	-1
	0	0	-1	-1
end

//-----------------------------------------//
//     Rank 1  Rank 2  Rank 3  Rank 4	   //
//-----------------------------------------//
17
4
	-1	-1	-1	310
	-1	335	40330	40325
	-1	-1	-1	350
	-1	-1	390	40385
	-1	-1	-1	0
	0	0	0	0
	-1	0	0	0
	-1	-1	-1	0
end

//-----------------------------------------//
//     Rank 1  Rank 2  Rank 3  Rank 4	   //
//-----------------------------------------//
18
2
	300	-1	-1	-1
	520	-1	-1	-1
	20355	360	-1	-1
	525	-1	-1	-1
	0	0	-1	-1
	0	0	-1	-1
	0	-1	-1	-1
	0	-1	-1	-1
end

//-----------------------------------------//
//     Rank 1  Rank 2  Rank 3  Rank 4	   //
//-----------------------------------------//
19
2
	305	-1	-1	-1
	515	370	-1	-1
	365	375	-1	-1
	20395	400	-1	-1
	0	-1	-1	-1
	0	0	-1	-1
	0	0	-1	-1
	0	-1	-1	-1
end

//-----------------------------------------//
//     Rank 1  Rank 2  Rank 3  Rank 4	   //
//-----------------------------------------//
20
3
	20315	320	-1	-1
	340	345	-1	-1
	380	420	-1	-1
	405	-1	-1	-1
	0	0	-1	-1
	0	0	-1	-1
	0	0	-1	-1
	0	0	-1	-1
end