//--------------------------------------------------------------------------------------------------------------------------------------------------------------------------------------------------------//
//     Index	Name			Type1	Uni1	Type2	Uni2	Type3	Uni3	Type4	Uni4	Type5	Uni5	Type6	Uni6	Type7	Uni7	Type8	Uni8	Type9	Uni9	Type10	Uni10     //
//--------------------------------------------------------------------------------------------------------------------------------------------------------------------------------------------------------//
0
	304	"Witch Queen"		0	4	0	1	-1	-1	-1	-1	-1	-1	-1	-1	-1	-1	-1	-1	-1	-1	-1	-1
	305	"Blue Golem"		0	5	-1	-1	-1	-1	-1	-1	-1	-1	-1	-1	-1	-1	-1	-1	-1	-1	-1	-1
	309	"Hell Maine"		0	2	0	3	-1	-1	-1	-1	-1	-1	-1	-1	-1	-1	-1	-1	-1	-1	-1	-1
	340	"Dark Elf"		30	6	21	7	0	8	-1	-1	-1	-1	-1	-1	-1	-1	-1	-1	-1	-1	-1	-1
	341	"Soram"			0	11	-1	-1	-1	-1	-1	-1	-1	-1	-1	-1	-1	-1	-1	-1	-1	-1	-1	-1
	344	"Balram"		0	9	-1	-1	-1	-1	-1	-1	-1	-1	-1	-1	-1	-1	-1	-1	-1	-1	-1	-1
	345	"Death Spirit"		0	10	-1	-1	-1	-1	-1	-1	-1	-1	-1	-1	-1	-1	-1	-1	-1	-1	-1	-1
	349	"Balgass"		0	12	0	13	-1	-1	-1	-1	-1	-1	-1	-1	-1	-1	-1	-1	-1	-1	-1	-1
	355	"Kentauros"		-1	-1	0	14	-1	-1	-1	-1	-1	-1	-1	-1	-1	-1	-1	-1	-1	-1	-1	-1
	358	"Persona"		-1	-1	0	15	-1	-1	-1	-1	-1	-1	-1	-1	-1	-1	-1	-1	-1	-1	-1	-1
	359	"Twin Tail"		-1	-1	0	16	-1	-1	-1	-1	-1	-1	-1	-1	-1	-1	-1	-1	-1	-1	-1	-1
	360	"Dreadfear"		-1	-1	0	17	-1	-1	-1	-1	-1	-1	-1	-1	-1	-1	-1	-1	-1	-1	-1	-1
	361	"Nightmare"		0	18	1	19	30	20	2	21	-1	-1	-1	-1	-1	-1	-1	-1	-1	-1	-1	-1
	362	"Hands of Maya"		0	23	2	24	-1	-1	-1	-1	-1	-1	-1	-1	-1	-1	-1	-1	-1	-1	-1	-1
	363	"Maya Head"		0	23	2	24	-1	-1	-1	-1	-1	-1	-1	-1	-1	-1	-1	-1	-1	-1	-1	-1
	364	"Maya"			31	25	1	26	-1	-1	-1	-1	-1	-1	-1	-1	-1	-1	-1	-1	-1	-1	-1	-1
	388	"Liliputan"		0	28	0	27	-1	-1	-1	-1	-1	-1	-1	-1	-1	-1	-1	-1	-1	-1	-1	-1
	391	"Liliputan"		0	28	0	27	-1	-1	-1	-1	-1	-1	-1	-1	-1	-1	-1	-1	-1	-1	-1	-1
	394	"Liliputan"		0	28	0	27	-1	-1	-1	-1	-1	-1	-1	-1	-1	-1	-1	-1	-1	-1	-1	-1
	397	"Liliputan"		0	28	0	27	-1	-1	-1	-1	-1	-1	-1	-1	-1	-1	-1	-1	-1	-1	-1	-1
	400	"Liliputan"		0	28	0	27	-1	-1	-1	-1	-1	-1	-1	-1	-1	-1	-1	-1	-1	-1	-1	-1
	403	"Liliputan"		0	28	0	27	-1	-1	-1	-1	-1	-1	-1	-1	-1	-1	-1	-1	-1	-1	-1	-1
	412	"Dark Elf (Trainee)"	0	8	-1	-1	-1	-1	-1	-1	-1	-1	-1	-1	-1	-1	-1	-1	-1	-1	-1	-1
	440	"Dark Elf"		0	8	-1	-1	-1	-1	-1	-1	-1	-1	-1	-1	-1	-1	-1	-1	-1	-1	-1	-1
	454	"Ice Walker"		0	29	-1	-1	-1	-1	-1	-1	-1	-1	-1	-1	-1	-1	-1	-1	-1	-1	-1	-1
	455	"Giant Mammoth"		0	30	-1	-1	-1	-1	-1	-1	-1	-1	-1	-1	-1	-1	-1	-1	-1	-1	-1	-1
	456	"Ice Giant"		0	31	-1	-1	-1	-1	-1	-1	-1	-1	-1	-1	-1	-1	-1	-1	-1	-1	-1	-1
	457	"Coolutin"		0	32	-1	-1	-1	-1	-1	-1	-1	-1	-1	-1	-1	-1	-1	-1	-1	-1	-1	-1
	458	"Iron Knight"		0	33	-1	-1	-1	-1	-1	-1	-1	-1	-1	-1	-1	-1	-1	-1	-1	-1	-1	-1
	459	"Selupan"		31	37	0	34	0	35	0	36	30	38	20	39	0	40	0	41	10	42	1	43
end